.Random.seed <-
c(403L, 11L, 552559483L, -240910006L, 1689226668L, 629520559L, 
276726373L, -1989887460L, 1193555058L, -378213651L, -932579545L, 
-1341836466L, 2058992552L, -143802453L, 1672891593L, 126442712L, 
233120134L, 838662241L, 712538611L, -779638686L, 1021664980L, 
1130956759L, -1224550963L, -1173737116L, 546075978L, -978717515L, 
-1705536497L, 117828886L, 5707712L, 500056963L, 665399713L, -46522992L, 
-1748521362L, -333703143L, -1600011093L, -61974374L, -1818851236L, 
-2129181345L, -123531467L, 982172364L, -2029223902L, -46577027L, 
1803018103L, 2060390558L, 1327107928L, 892787387L, 1006675033L, 
1161347048L, 1364355606L, -1362432623L, -1466403261L, -39369390L, 
-1526535708L, -180991961L, 1818629245L, -1094510220L, -1302735526L, 
-714005595L, 758010815L, 489037894L, -1790562608L, 8722675L, 
-837177839L, 886372416L, -785486818L, -434025751L, -1527091173L, 
1803597866L, -682480820L, 1860110607L, -85558203L, -701268484L, 
1079798866L, -951423539L, -1371541625L, -984561042L, 1410116168L, 
814955595L, 150609321L, -1601171208L, -156068826L, 681727297L, 
-2017746221L, -212768126L, -907702092L, 1438351415L, -568650963L, 
-1664923580L, -1457539734L, -517037611L, 1919817583L, -1893642634L, 
-728776288L, 263423587L, 85729025L, 565227120L, -25949682L, 764412537L, 
-1155527157L, -1321918662L, 1692345916L, 1547193727L, 1877647061L, 
-381636884L, -683007934L, -1055635555L, -565160425L, -1133646978L, 
-1578112712L, -389478885L, -156088455L, -1495809592L, 438803958L, 
-698433487L, -491754909L, 681129522L, -249724028L, -1014488633L, 
1018185885L, 2053586964L, -2075208006L, 1157121797L, -760470305L, 
602277222L, 1701359856L, -571460589L, -1395639887L, -686107552L, 
-1786584578L, -1656855159L, 2035950267L, 1782926986L, -611931796L, 
29052655L, 1173068069L, 140711900L, -241125966L, 63120557L, -1319189401L, 
-51397746L, -1393845144L, 175839339L, -1952120311L, 618908824L, 
-555532346L, 1372459809L, -1099874381L, 1746458402L, 742418708L, 
396601751L, 1560574349L, -234626908L, 40737418L, 272781557L, 
-365660337L, -643633066L, 924130048L, -994054589L, 1489835489L, 
-676740784L, 1503434670L, 1400270169L, -1138214037L, -1919239462L, 
-1917215844L, 1134675871L, 1548373493L, 457613452L, 1691623778L, 
-107061955L, -425955913L, 899029598L, 964275096L, -165592325L, 
-1788474727L, -305966296L, 1156800982L, 1359040081L, 1667067139L, 
-2088107886L, -260123100L, 1388194023L, -1184359107L, 270203316L, 
-2036505062L, -262257307L, 998140927L, -1558934906L, -1179387376L, 
-513302349L, -1578779823L, 1993021184L, -252791330L, -876315095L, 
948958683L, 1280703210L, 1426290828L, 133949391L, 1290452869L, 
-976450500L, -1059021550L, -397010419L, -1696452281L, 21787438L, 
1252552328L, -1391753333L, 1526572905L, 1200101688L, -944544794L, 
371995521L, 1988651795L, 154440898L, -1749733516L, -1319652489L, 
904316013L, 521173764L, -728923606L, 364425109L, 1762882607L, 
1125371190L, 865408352L, -1068149853L, -136563519L, 1184969904L, 
1429525454L, -806668487L, 1163675467L, -722717446L, 1208200700L, 
297359890L, 1962147712L, 2045874964L, -701957848L, 352501818L, 
642970576L, 453166700L, 132461108L, -263268718L, 1020046688L, 
1354752332L, 989680608L, 1962697122L, -2036457048L, 830226060L, 
-2066803268L, 1715298930L, 2041744368L, 1592932932L, -1157144488L, 
-1197943750L, 1902550128L, 234275900L, 186146068L, -1521171774L, 
-370362656L, 609549436L, -1323392304L, 1279312290L, 1606087720L, 
-437848308L, 1521755580L, -1197816014L, 256855744L, -1641928652L, 
1580093128L, -818075462L, -1699446128L, -1934342420L, 1877758548L, 
1081904786L, -1093036768L, 1079131596L, -1245155616L, 817921218L, 
-2043126744L, 1230029740L, 834143932L, -1442773006L, 905507376L, 
-1328432220L, 731440568L, 10757978L, 1082742928L, -1169201284L, 
522650900L, 201244994L, -78177024L, -614039108L, -250782384L, 
-1088304862L, -2092469688L, -32703476L, 792310364L, -572811822L, 
-334414336L, -1474113196L, -208354072L, -294004486L, 214454992L, 
1769316140L, 1429322996L, -2021952110L, 1032784224L, 708200460L, 
-1653397280L, 467666530L, 1115959464L, -1351346100L, -1272760452L, 
-967934670L, 1148874352L, -1089566908L, -824546344L, -46862470L, 
476021808L, -1409826884L, 1595251284L, 2144792642L, 299013792L, 
-2077521220L, -523786288L, 59992418L, -1191195928L, -840952628L, 
-2055812612L, -390671886L, 1360285824L, 52432372L, -311965048L, 
1562781498L, 1025055056L, -638822292L, 1066034580L, -1248940974L, 
200126944L, -1071284020L, 833456800L, -460082814L, 174585064L, 
867654380L, 628339004L, -833221518L, -64086416L, -1529399772L, 
1856766008L, 1621038362L, -1269092144L, -2024510148L, -830271596L, 
-43747454L, -101855296L, 1947340348L, 2101322128L, -362077150L, 
267927816L, -945757044L, 1086452508L, 1417662610L, -174456448L, 
-380789740L, -346351832L, 194707002L, -1421835824L, -570760852L, 
-179785804L, -2135378414L, 1042912224L, -167160372L, -2045811488L, 
-603887582L, -1881977048L, -605133300L, -1681093828L, -712623118L, 
-178859280L, 1419657796L, -205478312L, 2047356730L, 284486640L, 
1102536380L, -1089389292L, -1522622270L, 814187616L, 461705596L, 
1475080144L, 1783253282L, 2088722088L, 1793381260L, -593980228L, 
-1384962254L, 1982673472L, -856126284L, -52566968L, 362013114L, 
-1626083824L, 1822796012L, 820228436L, -1493471470L, -52767328L, 
2030676684L, 608151136L, -1039433790L, 1916566312L, 991634860L, 
-1258620612L, 250533746L, 1767356720L, -319836380L, -1223393992L, 
-1065682214L, -658298992L, -792116484L, 1701957524L, 1223825474L, 
654998784L, -899427268L, 106308944L, -786069342L, -272869560L, 
-424906996L, 29043420L, 1766697810L, -1599675776L, 2144315476L, 
-1551539224L, 565917434L, 1795273040L, -1074230484L, 620126068L, 
-1198613614L, -658350496L, 1442217868L, 1110958944L, 1907671010L, 
-1496178776L, -998316852L, -1917264388L, 1344332722L, -591744528L, 
-454708796L, 638648664L, 1483330938L, -1768091216L, -1254137924L, 
-1549660076L, 38425538L, -1086161888L, 481443004L, 805655120L, 
-101869598L, -1719472536L, 437852748L, 310669564L, 1086062578L, 
978179328L, 886689652L, -1126685659L, 1406599471L, -658180376L, 
-732888122L, -1538230669L, 257005781L, -314932558L, 1031654016L, 
1083320937L, 802160347L, -250422740L, 714371642L, -1321796369L, 
-671133831L, -469511154L, -1589081636L, -1277375923L, 1014913463L, 
-637372608L, -668627426L, 1992833259L, 2065328237L, -1502641958L, 
395878552L, 1642813185L, -733274957L, -1335830572L, -1174687006L, 
-2076511369L, 1424875201L, 269121094L, 543287684L, 1700337461L, 
82789663L, 1015565432L, 82671958L, 1508972515L, -1316765275L, 
962819138L, 1692461616L, -1350270375L, -894323765L, -250178500L, 
-827360662L, -873940833L, -1471008471L, -1348786754L, 538604716L, 
1677300221L, 484497735L, 1742721584L, 105427790L, -1030047877L, 
730497245L, 1595590922L, 820948008L, -1180245871L, -323398525L, 
258061700L, -1256590414L, 645594375L, -2032416943L, 1338771158L, 
823312308L, 1657130949L, -1189114097L, 2113596808L, -712308570L, 
106297427L, 182215093L, -1470929134L, 714403040L, 854974793L, 
650943355L, -1499683252L, -318736422L, -2053405233L, 1187754905L, 
922362798L, -1204934468L, 798613805L, 1623683799L, 76372768L, 
-465732482L, 1255866955L, 816205901L, 984190586L, 1308145336L, 
-956386207L, 1241716243L, 908270644L, -1213267390L, -295885225L, 
-423912031L, 1486437990L, -1825509788L, 1014369685L, 849919679L, 
-24492456L, -1243843978L, -1952932221L, 1639916229L, 1566420962L, 
46455376L, 2065080185L, 848045227L, 1680436252L, 1083673418L, 
1659726655L, 1442530697L, -597484130L, 977278028L, 1449956893L, 
-1876313177L, 1992113872L, 2000629870L, -1656768741L, -1036920707L, 
877053546L, -1420523768L, 742954929L, -672104413L, -680476380L, 
1387484626L, 1139500583L, 186798193L, 408188598L, 139651668L, 
-1574140187L, -932396305L, 431164968L, -677778810L, -1641630541L, 
-1128670699L, 1022241906L, -1413633856L, 448519465L, 1487381403L, 
1741681772L, -748054406L, 535806383L, -1659979591L, 436488910L, 
-1873901540L, 1491839885L, -1391127049L, -1409398528L, -1128265890L, 
